[percussive]
min = 5.0
max = 200.0
type = "cubic_bezier"
p1 = [0.0, 0.6220712065696716]
p2 = [0.22834201157093048, 0.6428960561752319]
