[percussive]
min = 10.0
max = 200.0
type = "cubic_bezier"
p1 = [0.0, 0.6465052962303162]
p2 = [0.1468605250120163, 0.8004933595657349]
