[percussive]
min = 15.0
max = 100.0
type = "cubic_bezier"
p1 = [0.013346998021006584, 0.22287961840629578]
p2 = [0.15211227536201477, 0.9832404255867004]
