[percussive]
min = 10.0
max = 100.0
type = "cubic_bezier"
p1 = [0.0, 0.5222638249397278]
p2 = [0.15211227536201477, 0.9832404255867004]
