[percussive]
min = 0.8500000238418579
max = 8.0
type = "cubic_bezier"
p1 = [0.15512590110301971, 0.0]
p2 = [0.0, 0.8591992855072021]
