[percussive]
min = 0.8999999761581421
max = 7.369999885559082
type = "cubic_bezier"
p1 = [0.2172815352678299, 0.3534865379333496]
p2 = [0.2126663774251938, 0.8363472819328308]
