[percussive]
min = 0.8999999761581421
max = 5.300000190734863
type = "cubic_bezier"
p1 = [0.0, 0.20837193727493286]
p2 = [0.30216899514198303, 0.8731257915496826]
